ENSGID	Gene	d0_A_Rep1	d0_A_Rep2	d0_A_Rep4	d0_Y_Rep2	d0_Y_Rep3	d0_Y_Rep4	d0_Y_Rep5	d0_Y_Rep6	d1_A_Rep1	d1_A_Rep2	d1_Y_Rep1	d1_Y_Rep2	d1_Y_Rep4	d3_A_Rep1	d3_A_Rep2	d3_A_Rep3	d3_A_Rep4	d3_Y_Rep1	d3_Y_Rep2	d3_Y_Rep3	d5_A_Rep1	d5_A_Rep2	d5_Y_Rep1	d5_Y_Rep2	d5_Y_Rep3	d7_A_Rep1	d7_A_Rep2	d7_A_Rep4	d7_Y_Rep1	d7_Y_Rep2	d7_Y_Rep3	d21_A_Rep1	d21_A_Rep2	d21_Y_Rep2	d21_Y_Rep3
ENSMUSG00000019947	Arid5b	40.6597695500765	52.6791508738966	35.4843509329376	92.0929797634024	57.1740887848979	63.459372934208	82.0838038761109	74.7036228804215	24.0743174279789	21.8793208023119	51.5546579017523	49.2660309725561	50.8692948831161	10.1367998040061	16.426658743616	23.1233535247933	16.183309003447	13.6090999392255	12.5701753989618	19.8065158138779	23.9354042838633	22.5891308986223	29.3418521509787	25.7739103037236	45.671974551027	37.9635165706116	38.7371830084858	49.9099771786406	48.4278740118006	41.5485717081598	39.2666887825152	46.6375869146172	59.7921104315867	17.7689143338516	28.2581288475282
ENSMUSG00000023027	Atf1	35.1428192405327	41.6022119827477	43.3091941680813	62.216154610419	35.1230457892409	41.6182460307995	37.7576793482554	58.7916652327424	47.9764925740061	49.778811349286	53.3341481160935	55.6004750534201	57.0977367625939	34.0130001523698	36.9439208117816	39.6766013309428	34.9981406786343	31.8691217182126	30.7271963584087	30.4750927438372	28.2164314013678	27.0494900525316	52.6547818735947	53.4026628769339	48.8144595004113	45.5800619343332	46.7818350563815	32.1494195302041	57.7336448914906	46.8817916220444	39.8941847563501	35.9269029547674	38.9243921741427	42.2367301448861	77.0601338099481
ENSMUSG00000026628	Atf3	1110.95938320594	1017.55433555482	1365.07405667595	961.791644943222	849.799095825319	1022.46715493272	724.114587909132	1839.69617992738	573.455291624684	637.453731679887	1347.36347417361	1496.05999976732	1336.6427133563	242.054320916818	215.337113105501	190.507154436718	104.970117030413	126.806580981589	123.19397827858	115.108219161572	1278.38816910953	1225.0809050307	270.999620864515	258.065217049353	238.726692110823	538.402189889356	556.812324444814	551.519172893677	519.960437817548	837.312919336302	477.156800286927	1097.52066098376	1288.28745080508	804.16931432676	923.542988809438
ENSMUSG00000042406	Atf4	776.916418426192	728.978276099216	735.576091559781	776.199688204476	573.987993546845	595.224719461842	588.804618604593	844.471448976911	596.422884200638	563.267521924991	837.235606666267	825.418978888356	833.653964299036	326.310343475893	341.372172306427	397.747617890801	293.340989226243	255.407714704865	249.980553272176	300.635829259505	390.264412914545	370.120033769315	387.486350271978	367.902079179297	406.491783660095	505.181646464728	507.958088289505	563.233708373602	570.862934057213	528.625669073768	399.267199031002	676.553143034831	840.562655125613	772.177540563452	737.834134742661
ENSMUSG00000023964	Calcr	27.397319101074	29.8196797024078	47.8225278890085	75.971642998813	71.5177808234908	48.7343782435543	63.6950275992199	73.5004911862575	6.70378645385626	9.67851257739098	40.4334953339846	47.2847499075934	39.5680780044091	6.54851207192827	7.70401897098539	6.45115552247099	2.14139726278318	8.2572967034886	7.9968411113782	6.92578131385166	2.95190984732946	2.02162083163633	23.0002285795497	18.9939611548428	22.1415311768895	34.2335966838126	34.4337683525818	36.3261995861738	13.2809279744604	7.58267615131642	10.2995928924666	105.3861780153	102.141194368778	102.198858862135	105.751174648366
ENSMUSG00000029705	Cux1	70.9494735333969	86.9984540087428	108.592499237621	102.692960652386	112.600022544122	85.919759004511	110.245968451327	117.504320025361	54.2980756810317	52.2788073369535	92.4879567122977	96.7462169690752	95.9243408418466	31.5583234632491	43.6681861963398	30.5034396200284	22.6449872404336	34.0827952544208	29.2370050257392	37.0638931410497	43.4336299137832	42.4615066105807	84.4622730294624	65.5056018708569	80.5265544972765	86.3879452960362	87.660019340459	72.9654769967855	55.4455513943506	48.1141755681371	54.1599313922552	103.691621502941	104.851775150373	103.756096889692	125.573256455229
ENSMUSG00000025408	Ddit3	135.713696096684	103.874222405718	129.325563758977	53.1189369553258	43.0975189818134	52.6003311600017	40.8058579447573	65.5371278864993	93.603345529799	84.280045533505	83.3353916894517	107.638694141195	80.6328161801305	52.0326877635486	48.0593656466397	51.9115321721848	40.3088263165771	32.9990748585445	32.4177470812397	31.4474408109776	78.0845242104342	66.1637845984509	63.4960651909497	55.0145490232882	50.7227183602059	92.4874293329992	95.2155083491824	62.3386159056274	109.258169366185	119.82801761947	99.8810114733356	103.181182683735	120.076492546586	52.5751571610396	46.181780968651
ENSMUSG00000021250	Fos	3629.10608204387	2717.63085316253	4557.57512456189	1820.72476299905	3186.5585679297	1964.06934514383	1274.2133389643	6387.4479427453	1122.88325782992	1485.79275325587	3591.25050033635	3637.35690433053	3592.07629984138	827.147422114496	689.122242626454	539.486029316743	323.116675570166	597.829655729625	559.656004811588	442.094042859681	2421.52776390725	2277.06301332414	825.930401124871	745.254387665256	515.724945343226	911.117641059415	910.72180876673	1462.4632851389	1052.52966832641	1448.90703447778	468.269329614802	4069.6342696529	4425.8637968706	3486.90696567742	6423.92325106262
ENSMUSG00000001517	Foxm1	1.11711516095911	1.92976153956358	1.82632639228803	1.58864616942758	5.49557839014931	2.9949175701472	6.54004817342635	2.73082696329276	13.1741781997935	16.0404909545559	1.8446069519227	2.47779403397811	3.17881127980714	27.5223162009375	56.6156333483949	25.6890274381361	30.3960020240424	24.8997315083279	23.3284290135596	51.2643452296845	2.4834683184088	2.01036441187007	8.47126086834001	7.89556850528282	19.1400880962662	10.5047638169282	12.7117273623817	6.836459047718	6.0346137664512	7.71135530690097	13.9827956742263	1.35078218827057	2.77129865372503	0.832408294926424	0.903772040496374
ENSMUSG00000048756	Foxo3	4.38170083491004	4.28280921385202	3.41311902184399	3.21013399098495	10.3501156689573	5.47670346491222	5.21811844356193	8.42615597316344	5.12087913400511	3.46079200667436	11.2807412226401	8.75434645774371	12.4562769656247	3.02559825632831	3.59812789591742	4.15513075788248	4.40940867721118	2.78126922191941	2.92386362223175	2.83584922598203	2.35782023531654	3.06342264367519	3.8283990144419	3.79381694745901	4.64875011220715	3.26492797346663	3.54039930552566	5.62371441683762	5.34604585767786	6.56332646974484	3.04496606304647	4.53162830774018	5.30250528004312	3.83536058708148	5.18027072063797
ENSMUSG00000021109	Hif1a	17.1237252380751	25.1613379050821	26.9101812751748	88.8995560669982	36.9611419746622	94.2255745318994	70.1276810745167	57.520895463438	81.4515437026318	84.4927797578349	30.2794359861211	36.7291145635469	28.8819855613049	74.3567036063095	71.1331891704095	54.8722095016348	69.6017514933517	92.2884656186431	91.5393386510694	68.6926516769579	134.778118725052	139.603952005666	74.0681957806615	67.4862012772984	71.448539395515	98.1351028227287	97.297855449976	46.6728199614823	55.0828113412868	53.667547514131	87.9688389005048	39.5040920226661	37.4489797266052	28.859395299943	48.781819633836
ENSMUSG00000031239	Itm2a	354.783032331183	277.379539205994	444.026336733048	791.362017879418	621.699895052623	483.551344501752	443.067114142351	506.679323146273	198.604892049711	246.779122842766	439.172258341654	398.181676739867	416.870753506574	398.574177600403	255.502726713915	318.218887464042	277.335080865385	469.375983333932	452.983732608934	261.13820789952	172.666345546028	167.080159023888	3029.00886658835	2794.4335583288	1908.33368306827	3266.07062553811	3157.92115946543	1453.25378958808	2820.47082795471	1345.20439949297	1901.80008551622	1075.64939749001	733.616713358114	1370.86079015821	1393.71715903811
ENSMUSG00000052684	Jun	551.289615008348	652.432216569557	936.732470700871	252.98798891335	1025.65253702772	613.529588777766	557.828491823544	947.418064455532	321.092223127139	334.32099946977	797.730896733954	820.399640922753	797.129747467735	420.12413219119	451.368585482817	228.926343027161	215.965464560301	275.739298733124	267.348672649697	375.321623281682	632.792836757032	645.398377969806	266.091022786977	255.519338866548	180.391681836468	311.008589828401	317.714998247802	342.341356624853	356.259071616169	400.676025836368	260.850746155006	660.598754704575	739.634946818541	272.646561610817	208.779233595167
ENSMUSG00000052837	Junb	2334.52834039461	2026.97148764469	3273.95082123381	1108.63362452633	3799.13432791722	2143.23306120057	1516.01515576597	4829.75476484499	1103.29354440348	1389.98713402437	2657.57133190328	2865.01739125007	2767.28718540065	1296.95360685713	1163.43379292255	702.591251117653	597.725039320248	799.010991304772	826.652890922836	748.006026963266	1825.15467014124	2020.82976586504	854.721459825948	902.623139308537	559.445820264163	1261.42939601775	1247.73814024012	1638.08015896663	1075.72130118815	1350.05244853683	560.408276998077	2528.01201150697	2709.67934448741	2931.01691968243	3307.29677144739
ENSMUSG00000071076	Jund	884.208406327339	781.484245332781	743.378368260079	303.028314258144	935.988223058045	567.010525231069	1193.61194433543	1011.74569392925	365.96815276971	432.171499192111	1410.11560392217	1154.66957271163	1496.44260691866	21.6583639554771	169.093474252249	94.6183202116371	73.9325679857852	16.3978224605552	16.3091367038429	132.930647153138	312.421720644253	345.863035163492	34.3906183238537	36.5185452751435	151.596311890891	370.4268626086	355.868137977676	335.086761840311	270.896595560173	290.226567163508	208.302713611406	903.492398969747	878.89105601122	1243.44544046563	3070.82643113471
ENSMUSG00000030557	Mef2a	46.9612786493321	46.9999110437452	41.2573463009736	98.9009254026958	59.5971500537146	70.0308792829482	92.0776448776024	56.3349502456693	39.6728378043751	39.0276581332816	65.7320218641064	61.5256553500722	65.2333312293798	79.741824293528	97.1467007046394	98.5491984799612	114.941308959252	140.40903414891	136.396658598352	156.547815077742	83.8628404508712	82.2550768671203	119.763862277375	109.017549071214	188.763565202182	112.87339213585	106.59947681418	90.6721540915218	108.256028780323	113.038501758467	161.047502156819	70.8746533481673	69.3971356559807	18.7537380876523	19.2611161058493
ENSMUSG00000005583	Mef2c	46.0711644532548	26.6796194499015	36.1639439994865	33.8511178419593	12.5919202265448	22.80616619679	16.8114161924688	16.9503166731704	43.1743981115207	38.97035526038	25.6813358438603	23.805987913425	18.9147134905981	14.2604854670737	13.6486348257008	11.4848892364262	20.8334570848672	29.5643032712975	31.8334758864371	15.9690829672072	33.7779551475852	32.4382625399683	53.7454964035129	53.8216358186873	48.2577975841163	59.9597999556102	59.1644859120203	22.8855542516306	65.3958779036734	62.670094028194	82.3611648520976	34.013085022886	41.329437567477	13.8076221490508	12.0741678256331
ENSMUSG00000035158	Mitf	6.6544666131113	4.00902935563351	3.11804554675736	7.23558473209039	2.17094160973937	3.92365056597667	3.40884447275513	5.03669604660585	2.31747784626516	1.3491104603115	1.87335518914049	2.08951494719056	1.69988495270142	0.294201540187075	0.771562639287308	1.31826638966678	1.09293237646656	0.351534631125562	0.313567704659827	0.480074200902273	1.70720534112564	2.11571003508481	0.989003855691331	1.34074907228262	1.90801046017221	0.702659934383937	0.92643561080663	3.06157440491886	1.78122672144651	1.52334687714583	0.610053449917628	7.63017088795517	8.20002595749809	1.25081218475976	1.27148702044833
ENSMUSG00000000435	Myf5	62.9696245071652	66.512378012385	91.5462130902717	89.1204044305184	88.9034418273081	60.8628893937133	61.3353018252253	100.50226504556	87.5802481382122	59.9609812538943	90.4780784182618	74.5754371387708	81.2236348258713	33.6614240406653	32.7230004943422	32.0193045678997	21.089828565657	43.0857724258268	41.5152458210861	34.6740964965389	6.25124575747682	5.69491939576864	178.810782878488	153.013390018893	150.168595220506	55.0698108914544	53.7275190093838	83.1380730845806	94.2601864103382	47.0589236532204	37.8164320104704	148.811928206782	120.309502763719	159.179797788442	286.893509529984
ENSMUSG00000009471	Myod1	135.54111928269	140.844975026414	209.95570892887	234.740473849192	534.844369159152	283.322223310198	264.813256181409	764.001652463987	522.53585209902	621.526765687688	508.195132702415	493.193471528074	533.180574451287	424.819972049145	519.273375131366	350.97123495265	358.880839949832	465.270395497091	449.591757936939	594.001601196721	18.3883602192921	15.9273387554475	224.965999007214	209.828236120837	205.989008062518	231.042707324233	236.756521372878	199.703263116204	398.592385256836	214.650778907839	100.716754138438	210.87746189986	284.165168021283	89.3354932104446	126.745010162816
ENSMUSG00000026459	Myog	75.9577835102221	41.9196155627132	105.736943963265	84.5275529842661	345.889250795543	170.546563739011	117.105860049319	132.334322069242	43.6920347579987	34.5407813111081	133.774684314309	87.3787578312514	143.145669075651	992.584218051631	519.187995446806	335.228505416583	448.63163043406	2256.75993267899	1915.30393995949	1007.18694370913	0.890321763554077	0.912430153357907	3476.9625746695	2751.46801011189	1252.0352633217	910.891732908024	932.256019730514	638.0743155357	1055.72160973812	606.385894514254	815.430129717503	306.611400165743	286.603590029672	109.835574837624	127.707189340307
ENSMUSG00000038255	Neurod2	-0.000493001664079287	-0.00125592071527598	0.00077554013091938	-0.000611630298390871	-0.000840964200786847	-0.00079649964921382	0.00187856189568728	0.000440100067706728	7.52704400793575e-05	7.91004517988253e-05	0.00032943056035198	0.000242062334875392	0.000291897655061613	-0.000380033398248635	-0.00098572414826353	0.000324650616331331	0.00015282115216722	-0.000417640418521125	-0.000423226502357519	0.0189706730354173	6.40341865739466e-05	1.37809915113903e-05	-0.000171858459142878	-0.000168818919668814	-0.000671039254970191	0.000439149120272502	0.000409015542836133	0.000605503564365325	8.32928469657583e-05	0.000507290229732487	9.60628277012445e-06	0.0208655557782863	0.000972671934858697	-0.000209641943189353	-0.000104023353618318
ENSMUSG00000048015	Neurod4	-0.001469692264877	-0.00217410805275848	0.00113654089264099	-0.00130215355845028	-0.00137157472258862	0.00856380683486108	0.000672064760751411	0.00105865703619828	0.000174637860573291	0.000114591021821996	0.000289672070116684	7.16018001306389e-05	0.000264913105103768	-0.000157469703990733	-0.000726593768489568	0.00141319651785147	0.00151281962879271	-7.5863725381273e-05	3.6239397895819e-05	-0.000616295385692653	-0.000775956501603718	-0.000742649937163666	-0.00016490661804031	5.61135987146484e-05	-0.000439267902368805	0.000818399027117215	0.000789211041417702	0.00156880349330107	0.0201037601864097	-5.12238784064593e-05	0.00158562315690477	0.000731647553308667	0.000980330728471074	-0.000800418582947004	-0.00107449658652922
ENSMUSG00000028736	Pax7	23.3493622850178	22.6831504066247	24.7201250743266	21.1248043167311	27.2063610313646	16.9962379066435	29.8930635115484	20.119070327779	3.39729107399712	3.26188989938187	15.5172899739329	14.7229604629451	14.9035439338459	2.06513294173597	4.12895729931866	3.13001188629104	3.09614697239318	2.29797337295347	1.96021334197765	3.29993100271219	0.99719618227858	0.995775259238695	3.44943512238433	2.57480403798642	7.38921961614819	6.66961007054032	6.91245777496182	9.28015548718492	4.01928123370309	2.01636211844728	2.54546488952932	39.9944801903047	37.5979787827367	19.8619019766608	25.7761793217671
ENSMUSG00000038718	Pbx3	5.0233453488022	6.29626207546321	5.1962595688142	4.80918600261937	3.9595858044063	6.20496479998876	7.96884478411472	4.59473760589697	9.53590330801059	8.21407788056188	8.54692787087018	6.31406239332369	7.87628103239881	2.90659677937245	6.87611811004522	5.8565105579483	5.83902376729286	2.74397480899924	2.49224278491756	7.17131474338509	5.09301109421728	3.91433164298824	4.75073123077825	2.57493348658456	8.98857013880123	3.83124791114129	3.80521302920566	4.35108082271874	5.72142773335704	5.37622328041166	7.22886962625821	6.52759541245449	6.36569612179245	2.39379215916995	6.60745805974623
ENSMUSG00000028023	Pitx2	20.5471085418769	19.537652953939	29.7090742314948	22.4959542862801	26.6015417820026	16.6788879100377	17.4201253578484	27.7446768445305	14.7991485895285	18.3364723879188	33.8714785472149	33.5950061371007	31.8939821091814	22.9143642150189	18.6755859376377	15.1715376323707	14.3529432205872	17.0406691114867	15.6392047482964	15.9020280022996	2.83042049829081	2.51941675230641	25.4984140026458	22.9870528742723	21.0465218865673	15.862417536596	14.7419822410717	17.3753115116826	22.7541095820775	13.0017693504558	11.7777111924293	28.7614723970055	30.9753887163056	16.1116522800576	37.9999861951194
ENSMUSG00000026565	Pou2f1	9.66498979352058	16.9031726657069	15.745999297809	19.5377754409903	12.1464172994334	11.9634842104562	17.9667728746764	20.625645789303	8.90411592557814	10.7172547522729	15.7452689230187	14.4406500156864	18.4587043220006	9.54675340154825	14.9697628730331	10.7936810699615	9.66905308046648	10.7375114909035	9.10440376170667	19.3096955493306	5.06506681216831	5.31408484607168	23.7020148515246	20.3706504571594	37.4341202502725	14.741626725121	14.8749671929914	18.7105285697636	22.4402447803268	14.3991404356151	12.1842916317804	12.016981222691	14.8458293064963	6.74724845603879	8.29435571084241
ENSMUSG00000001288	Rarg	9.49621285565643	15.5858125080429	12.0309356782729	10.6408582902974	25.8765391585946	14.4071426516567	23.0694655414817	15.0274205196562	15.9709249142908	14.2162784788014	16.1680761076458	16.4267891014012	15.5080221174951	4.26478209215363	6.38287154034423	4.10309776060037	3.68631658526893	5.93428664658134	6.03625012681645	6.32349693523095	12.4624222288225	11.8087777735308	4.08198901473497	4.51175457292221	5.32532535450211	4.18764449312725	4.49498889964805	5.71740606133578	1.49983746123974	3.2162310504771	3.70558189220664	16.4953706420636	17.2362383780928	22.4871671942838	21.1158288233299
ENSMUSG00000039191	Rbpj	23.9951596905778	15.8430263241547	24.5272506575277	46.8955634675699	71.262120435053	34.1673068999766	56.3228698977717	55.7038817132232	30.3246967768378	30.1547206712569	40.3066046190807	36.6936090890057	35.624537342088	19.950613485868	33.9893209373571	19.1437999775871	20.2933207755337	23.3072742226862	22.6593485459688	28.6056316721423	29.1916776501534	29.8944026344959	27.1911080618471	25.3473016138908	50.9419493985921	31.5205955136056	33.2378762322141	29.148485967693	16.2106533754693	18.1751043414461	18.9504283712989	64.0366879225672	49.6007449063407	14.2810883637703	23.9804236045996
ENSMUSG00000022952	Runx1	42.5036403771803	62.0587929071169	69.2284622287706	94.2792675926978	89.9203916249032	64.622038905302	95.818137179823	124.589571807655	53.755601175618	47.1637465248825	104.184869597026	107.855010238502	114.512195200221	63.3463326856094	90.7998060830246	61.1291065707014	52.6122305674353	77.1598012112542	74.936828199466	113.56033297905	22.2898793180854	21.3163989779014	53.0843258222662	46.6738931910313	73.9802807348745	94.4077318188292	100.46343731444	71.3712378867853	64.0821024879285	55.3267349000457	47.2500575483055	88.0990318283048	99.7091310888302	34.2310151029138	33.5042548372785
ENSMUSG00000039153	Runx2	3.12722620924222	3.46528062739926	3.67836751208139	1.48965581555121	2.31208040056453	1.61817642536497	2.10481262283011	3.12778551461797	7.80900283748304	7.92314661648527	4.34314397916794	2.77056220225459	3.82885463868696	4.89604053712521	9.76506088908307	7.60296755507771	5.56808756006771	5.18828359506414	4.43826207468535	7.84008129810795	2.13389367739185	1.97191887199185	1.68907129639956	1.42774830723159	3.28088355379603	2.98724745302768	3.06208534964637	1.73721965910881	1.0507444385048	2.28174350887193	1.50380795939743	7.08405228824713	5.34967459052109	1.72970882273257	3.27563983391987
ENSMUSG00000051367	Six1	35.3603380260495	29.3010165101589	46.0434144307445	39.8407904309715	61.7823385298421	37.8851173134543	34.7143784651373	47.0089582507715	44.3025912655536	42.5634474353682	28.5046510642771	33.0597559211144	31.2236560982202	99.3402850812621	70.9637782393402	63.221210152958	59.0523599554848	110.548451601504	108.137067936741	81.3565062788536	11.1563910321119	9.43771079481407	97.6885595292393	82.9147416083275	55.1584089497305	41.7284855520811	41.7007233517689	50.4780287376442	58.8049183519231	30.5674832131813	31.4342171058058	64.4484875029375	62.7320779638118	66.6785729016942	96.5059148646656
ENSMUSG00000024563	Smad2	37.1552859800087	45.5722552683959	49.4613893406409	61.6637932089241	53.0457243416561	52.1271874971403	79.4644971530021	45.4308168231598	68.1070365271302	69.6172121161431	59.3009000027251	51.4349571569069	64.9556939911047	34.0869763785782	51.3451385432073	38.0859291504582	34.2646530491359	31.4378396830804	30.9255883930185	50.6663098615255	26.7809364666299	24.6488288430455	48.5345899557128	43.2762663251502	87.17307348914	43.458750944347	45.1453407880695	48.4345824378236	55.1567446304636	41.1814000146378	68.7071317546475	59.8917035062238	60.4772032741395	23.3155251344486	51.3677334568196
ENSMUSG00000032402	Smad3	10.6499354047101	13.9324612727654	10.4875526210943	7.26675436919629	14.6521675392077	9.77970480738789	16.8415310380143	8.98544500194663	8.36960235614594	6.588429772515	5.97208086652265	7.58008996216486	5.99770804756993	4.44335858741345	6.63598992482847	6.33109320077458	5.09806552498905	7.27128725283491	6.30192592303828	10.8472312237592	6.24640690567573	5.91384132442393	4.90382253654749	4.36689247126626	9.79180021551946	6.60294622853039	6.95341230719916	8.02035934926535	3.33600715458635	3.77650476697809	4.88382354825429	12.3376519380407	12.7146415729124	6.76981805298004	3.92639332528576
ENSMUSG00000042821	Snai1	2.7861788552278	2.81450964409259	2.39855399516442	3.58478126721938	3.73341721731563	3.21609423480596	3.46493143774983	2.25075171049656	4.61449975744538	5.64340370344729	5.31638792281241	3.93008344649088	5.53327904993159	4.29444186309629	4.15595559106241	2.833651725532	7.08939042524457	13.6525291423728	13.0871544613888	9.62379063984217	5.10753423126432	4.9703208144827	4.44495694949008	4.50775776461995	2.96269843430452	1.89713629522883	2.16303672612989	1.91664028550898	0.80959650187676	2.02849479441315	2.80312813446325	2.63788562214153	3.52811842347591	4.10162570822282	11.6225980416918
ENSMUSG00000004040	Stat3	209.020750137589	307.399048847677	329.116503326949	512.929370363472	459.032771528128	387.613112905587	466.358254809307	770.683996228194	197.783490597488	181.174015205831	662.908101479943	636.136575931443	682.381106640364	78.6344516178316	110.104040314247	87.3211380344729	57.6834571900809	90.155717237127	78.7012145809324	107.361979102724	288.372732653538	262.083736752706	312.693670615156	246.234508565907	357.365030113359	358.351884989824	370.396632246113	217.590807557909	232.607845084754	299.844425996593	228.651816653566	366.326404594975	419.945894355334	122.642658636331	150.250255176573
ENSMUSG00000020167	Tcf3	13.9805213337013	21.7468201079599	36.4450450719824	10.7321813711643	90.5093883984348	45.6724508324181	61.1565558723736	32.0293110776854	50.5393738793576	56.7353925185248	31.5686371177375	37.9259776517402	32.6447661122656	124.061117668346	185.562932655171	56.8952567113005	67.9310281037449	137.596386231948	122.276370874115	196.975135494136	38.9824638546072	42.7141220437234	105.066815536109	97.5673797190466	107.074738119284	59.2666926796459	61.9013091091042	48.9853031775408	52.9878880073647	31.6364328350298	62.1506194895158	30.0862305112605	34.5665707956516	44.1221470024924	53.6340516610806
ENSMUSG00000053477	Tcf4	150.23250546411	139.40553901068	146.562585186291	166.81286913002	153.01818491442	148.384289950992	130.469461176277	194.03236171033	92.5494991223283	95.8936050782821	167.905412660476	167.269420685891	184.876371539067	81.8313454078366	75.152665707298	90.2684944452235	77.827773232813	104.881607398883	93.8192366501264	95.7158968844174	184.226397185176	163.55031247885	193.559500824921	166.334940866822	176.927042661318	144.28801976953	152.756243371731	134.794130336861	174.851034225645	174.93875377863	139.733994670423	180.365693281961	200.592160403617	102.150800387111	160.599437734997
ENSMUSG00000026641	Usf1	23.1421069214537	24.213098978979	30.5655730525232	24.2125268265115	37.563274371939	25.6581483692714	31.2912971074712	29.9678896581082	18.5877248289019	20.7738609066333	19.0333637009426	19.3549588833939	21.1668134633462	35.2818397759774	42.4078482464574	26.684841725487	31.0646884693846	39.7793061371267	36.0341804050813	43.4953935687952	15.159250452511	12.7077317850032	54.9148891499254	52.475620667342	49.1036061764938	27.4194467302482	26.41651434368	33.7748870346024	40.3565376406283	24.471460671401	25.3702021915415	17.6414374999592	19.9902490936198	26.5150431633058	19.2202673184264
ENSMUSG00000020484	Xbp1	374.356774475121	335.022747174313	420.790263818544	472.15806055656	446.293438972785	445.554574822685	418.880250136451	439.086840584237	282.918372723442	284.001837489091	464.887764834816	488.348560954242	453.863562730726	186.099576693961	176.365287585911	184.488619600264	152.068859371947	232.606240274675	227.670214572341	215.275545525261	376.52818510426	359.251128963377	381.065596509398	346.050046672664	339.296091796191	406.799780816348	404.04805275193	315.756504217388	383.033121190556	291.945202805288	351.515018719534	446.098313372849	410.466802432689	343.177008996644	497.765708691604
ENSMUSG00000049823	Zbtb12	0.518723792506794	0.69498277605243	-0.232552076141692	0.460046022972351	0.474014351639662	0.395384919396991	0.588558402161469	-0.0972536032627235	0.711424723170533	0.527191614093275	0.0572315561151077	0.162142237317377	0.129403962955681	0.176010009646505	0.18476343042945	1.82732103891703	1.43152587657703	0.0202503111871018	0.0992212294505276	0.224965713243011	0.241581571822398	0.182115038200325	0.177428281790204	0.00531499731837298	0.0986759871202424	0.191824920282816	-0.135396560660329	0.124309041620368	0.0184612261108747	0.142494836499525	0.375160081154235	-0.092363444378319	-0.147508027234964	0.430099337686563	0.421903638918402
ENSMUSG00000063659	Zbtb18	4.64647753157767	3.80411965290808	4.17185264895751	11.1796959093318	5.92176090163091	5.02007864392993	9.19544390999929	2.16103571086768	3.25347606885228	3.16460705164446	2.48102511430663	1.72046983928592	2.01131921382766	21.6421900854567	15.9909298601214	15.2383189152211	16.107868327758	50.3929041684712	46.5909600372319	39.9889055955781	1.73685031749705	1.90547489416996	41.1745821658862	33.9625846037714	36.4722735306365	7.81941711296491	7.6792845641525	14.4449072470058	6.31326933678773	4.23352191384626	14.0385627735083	4.63287978821981	4.12442082932339	4.68594506776106	2.65112173765873
ENSMUSG00000022708	Zbtb20	145.061968405054	184.499354165557	207.93744365174	661.699767185211	222.885114899021	294.386296037911	296.549777784868	497.664615153668	80.1745766877974	99.1311618381349	263.633600187338	219.468563894732	266.048811470935	59.2638942333988	73.101928590214	71.2626063359236	56.4983097500892	77.0175042516614	71.0912298142524	80.6668616618563	128.160839438676	122.697446872388	298.992556924073	247.695334614025	319.161013391072	240.063036089159	242.355619489553	212.430356519915	264.548702014189	170.343615229588	142.696815019339	395.182628661263	409.660795046276	185.535982113757	445.63041062445
